PART A:
------    
Began with 1 sample of U238. After one half life of U238, the amount of each product is given below:

U238: 0.5000006884950291
T234: 7.3889310855326e-12
P234: 8.559100669619103e-14
U234: 2.747468980835107e-05
T230: 8.436159100069255e-06
R226: 1.7906419996978046e-07
R222: 1.1723492612775013e-12
Pol218: 6.600777919373354e-16
Plo214: 5.70647897545832e-15
B214: 4.237273567597818e-15
Pol214: 5.830687162113247e-22
Plo210: 2.495707299540913e-09
B210: 5.612549845501223e-07
Pol210: 4.24284550905974e-08
Plo206: 0.4999626154040582

Total sum of all products (expected 1): 1.0000000000000002
